5.256521622081607871e-16 -3.388879489756013026e-18
5.411273540488680026e-16 -1.993513172316029793e-18
4.886511145999959086e-16 -9.000953530931925266e-19
5.203945935894678142e-16 -2.396417103479499462e-18
3.786317211460938419e-16 -7.671835933862153261e-18
2.996495214434417450e-16 -3.394519673767741477e-17
1.920814673541946804e-16 -2.936656721791340931e-17
1.116457560301880993e-16 -2.138775419119107195e-17
2.058657137210304952e-17 -3.033637157393105765e-19
5.996575344591269097e-18 -2.706194487260593839e-19
8.714318989882193488e-17 -2.969578482182155422e-17
